image: current.pgm
resolution: 0.05000000074505806
origin: [-8.01438, -18.6334, 0.0]
negate: 0
occupied_thresh: 0.65
free_thresh: 0.196
