image: scans_44.pgm
resolution: 0.05
origin: [-3.68902, -4.63524, 0.0]
negate: 0
occupied_thresh: 0.65
free_thresh: 0.196
