image: scans_50.pgm
resolution: 0.05
origin: [-7.30669, -3.81385, 0.0]
negate: 0
occupied_thresh: 0.65
free_thresh: 0.196
