image: scans_52.pgm
resolution: 0.05
origin: [-7.30032, -3.80842, 0.0]
negate: 0
occupied_thresh: 0.65
free_thresh: 0.196
