image: scans_20.pgm
resolution: 0.05
origin: [-4.38824, -8.39889, 0.0]
negate: 0
occupied_thresh: 0.65
free_thresh: 0.196
