image: scans_42.pgm
resolution: 0.05
origin: [-4.31397, -5.46145, 0.0]
negate: 0
occupied_thresh: 0.65
free_thresh: 0.196
