image: scans_47.pgm
resolution: 0.05
origin: [-4.07324, -4.73657, 0.0]
negate: 0
occupied_thresh: 0.65
free_thresh: 0.196
