image: scans_24.pgm
resolution: 0.05
origin: [-4.79891, -5.17726, 0.0]
negate: 0
occupied_thresh: 0.65
free_thresh: 0.196
