image: scans_49.pgm
resolution: 0.05
origin: [-6.00072, -8.54028, 0.0]
negate: 0
occupied_thresh: 0.65
free_thresh: 0.196
