image: scans_43.pgm
resolution: 0.05
origin: [-4.77077, -9.24136, 0.0]
negate: 0
occupied_thresh: 0.65
free_thresh: 0.196
